****************
* FEM input data *
****************

Number of Elements :    9
Number of Node :    40
Number of Fixed nodes :   14
Number of Nodes perelement :     8
Number of Integrationpoints :     3
Number of Materials :    1
Number of properties :    2

Plane-strain elasticity solutionNumber of loaded edges:3
List of loaded edges and applied loads:

    1   12    8    1
  1.000000e+01  0.000000e+00  1.000000e+01  0.000000e+00  1.000000e+01  0.000000e+00

    4   23   19   12
  1.000000e+01  0.000000e+00  1.000000e+01  0.000000e+00  1.000000e+01  0.000000e+00

    7   34   30   23
  1.000000e+01  0.000000e+00  1.000000e+01  0.000000e+00  1.000000e+01  0.000000e+00

Nodal forces for elements:

Element No: 1
  4.459999e+00  1.666666e-02  0.000000e+00  0.000000e+00  0.000000e+00  0.000000e+00  0.000000e+00  0.000000e+00
  0.000000e+00  0.000000e+00  0.000000e+00  0.000000e+00  3.873333e+00  2.216666e+00  1.666667e+01  4.466667e+00

Element No: 2
  0.000000e+00  0.000000e+00  0.000000e+00  0.000000e+00  0.000000e+00  0.000000e+00  0.000000e+00  0.000000e+00
  0.000000e+00  0.000000e+00  0.000000e+00  0.000000e+00  0.000000e+00  0.000000e+00  0.000000e+00  0.000000e+00

Element No: 3
  0.000000e+00  0.000000e+00  0.000000e+00  0.000000e+00  0.000000e+00  0.000000e+00  0.000000e+00  0.000000e+00
  0.000000e+00  0.000000e+00  0.000000e+00  0.000000e+00  0.000000e+00  0.000000e+00  0.000000e+00  0.000000e+00

Element No: 4
  3.856666e+00  2.243333e+00  0.000000e+00  0.000000e+00  0.000000e+00  0.000000e+00  0.000000e+00  0.000000e+00
  0.000000e+00  0.000000e+00  0.000000e+00  0.000000e+00  2.243333e+00  3.856666e+00  1.220000e+01  1.220000e+01

Element No: 5
  0.000000e+00  0.000000e+00  0.000000e+00  0.000000e+00  0.000000e+00  0.000000e+00  0.000000e+00  0.000000e+00
  0.000000e+00  0.000000e+00  0.000000e+00  0.000000e+00  0.000000e+00  0.000000e+00  0.000000e+00  0.000000e+00

Element No: 6
  0.000000e+00  0.000000e+00  0.000000e+00  0.000000e+00  0.000000e+00  0.000000e+00  0.000000e+00  0.000000e+00
  0.000000e+00  0.000000e+00  0.000000e+00  0.000000e+00  0.000000e+00  0.000000e+00  0.000000e+00  0.000000e+00

Element No: 7
  2.216666e+00  3.873333e+00  0.000000e+00  0.000000e+00  0.000000e+00  0.000000e+00  0.000000e+00  0.000000e+00
  0.000000e+00  0.000000e+00  0.000000e+00  0.000000e+00  1.666666e-02  4.459999e+00  4.466667e+00  1.666667e+01

Element No: 8
  0.000000e+00  0.000000e+00  0.000000e+00  0.000000e+00  0.000000e+00  0.000000e+00  0.000000e+00  0.000000e+00
  0.000000e+00  0.000000e+00  0.000000e+00  0.000000e+00  0.000000e+00  0.000000e+00  0.000000e+00  0.000000e+00

Element No: 9
  0.000000e+00  0.000000e+00  0.000000e+00  0.000000e+00  0.000000e+00  0.000000e+00  0.000000e+00  0.000000e+00
  0.000000e+00  0.000000e+00  0.000000e+00  0.000000e+00  0.000000e+00  0.000000e+00  0.000000e+00  0.000000e+00

********************
* OUTPUTS *
********************

Displacements:
Node Number X-Disp Y-Disp
    1  7.095722e-03  8.266256e-16
    2  5.419890e-03  3.043116e-16
    3  4.443645e-03 -5.240605e-16
    4  3.612950e-03 -1.625549e-16
    5  3.113189e-03 -1.105862e-15
    6  2.668360e-03  2.444643e-17
    7  2.423862e-03 -2.291804e-15
    8  6.846663e-03  1.834042e-03
    9  4.287535e-03  1.148924e-03
   10  3.004947e-03  8.052247e-04
   11  2.339674e-03  6.268524e-04
   12  6.145261e-03  3.547216e-03
   13  4.693884e-03  2.709467e-03
   14  3.847819e-03  2.221615e-03
   15  3.129011e-03  1.806376e-03
   16  2.696031e-03  1.556637e-03
   17  2.310839e-03  1.334189e-03
   18  2.099142e-03  1.211852e-03
   19  5.011537e-03  5.011537e-03
   20  3.138323e-03  3.138323e-03
   21  2.199850e-03  2.199850e-03
   22  1.712757e-03  1.712757e-03
   23  3.547216e-03  6.145261e-03
   24  2.709467e-03  4.693884e-03
   25  2.221615e-03  3.847819e-03
   26  1.806376e-03  3.129011e-03
   27  1.556637e-03  2.696031e-03
   28  1.334189e-03  2.310839e-03
   29  1.211852e-03  2.099142e-03
   30  1.834042e-03  6.846663e-03
   31  1.148924e-03  4.287535e-03
   32  8.052247e-04  3.004947e-03
   33  6.268524e-04  2.339674e-03
   34  2.680417e-17  7.095722e-03
   35 -4.946918e-18  5.419890e-03
   36  8.447522e-19  4.443645e-03
   37  1.355146e-19  3.612950e-03
   38  1.009425e-17  3.113189e-03
   39  4.906986e-19  2.668360e-03
   40 -8.279236e-20  2.423862e-03

Stress at elements
gauss-point sigma-11sigma-sigma-12 sigma-33

Element No:     1
1  -7.812991e+00   1.015733e+01  -1.092808e+00  7.033002e-01
2  -6.570381e+00   9.063896e+00  -4.511660e+00  7.480546e-01
3  -4.270571e+00   6.611610e+00  -7.232276e+00  7.023116e-01
4  -5.969108e+00   6.325719e+00  -7.243625e-01  1.069835e-01
5  -5.182683e+00   5.528735e+00  -3.091778e+00  1.038156e-01
6  -3.522803e+00   3.880005e+00  -4.960805e+00  1.071609e-01
7  -3.025241e+00   5.016308e+00  -4.910448e-01  5.973201e-01
8  -2.593830e+00   4.463645e+00  -2.037720e+00  5.609445e-01
9  -1.440208e+00   3.430122e+00  -3.236959e+00  5.969739e-01

Element No:     2
1  -2.515321e+00   4.127484e+00  -4.064631e-01  4.836489e-01
2  -2.055431e+00   3.724085e+00  -1.668291e+00  5.005962e-01
3  -1.205272e+00   2.819356e+00  -2.672722e+00  4.842253e-01
4  -1.862255e+00   2.902751e+00  -2.837203e-01  3.121488e-01
5  -1.554747e+00   2.597023e+00  -1.198514e+00  3.126829e-01
6  -9.162919e-01   1.957348e+00  -1.921322e+00  3.123169e-01
7  -8.861964e-01   2.418656e+00  -2.015668e-01  4.597379e-01
8  -7.011663e-01   2.195665e+00  -8.364102e-01  4.483497e-01
9  -2.352579e-01   1.766646e+00  -1.330695e+00  4.594164e-01

Element No:     3
1  -6.511355e-01   2.092829e+00  -1.669284e-01  4.325080e-01
2  -4.631273e-01   1.924870e+00  -6.893774e-01  4.385229e-01
3  -1.094868e-01   1.551514e+00  -1.104905e+00  4.326080e-01
4  -3.845460e-01   1.603480e+00  -1.183620e-01  3.656802e-01
5  -2.574685e-01   1.475300e+00  -5.002240e-01  3.653496e-01
6   1.002539e-02   1.208864e+00  -8.016519e-01  3.656667e-01
7   7.972975e-03   1.403775e+00  -8.536718e-02  4.235245e-01
8   8.586203e-02   1.309527e+00  -3.532513e-01  4.186166e-01
9   2.829826e-01   1.128607e+00  -5.616496e-01  4.234769e-01

Element No:     4
1  -2.374888e+00   4.720831e+00  -8.327852e+00  7.037829e-01
2   1.249389e+00   1.249389e+00  -9.027928e+00  7.496333e-01
3   4.720831e+00  -2.374888e+00  -8.327852e+00  7.037829e-01
4  -2.267577e+00   2.624348e+00  -5.685143e+00  1.070315e-01
5   1.750712e-01   1.750712e-01  -6.183453e+00  1.050427e-01
6   2.624348e+00  -2.267577e+00  -5.685143e+00  1.070315e-01
7  -5.896610e-01   2.580096e+00  -3.726937e+00  5.971304e-01
8   9.376186e-01   9.376186e-01  -4.073723e+00  5.625712e-01
9   2.580096e+00  -5.896610e-01  -3.726937e+00  5.971304e-01

Element No:     5
1  -5.027122e-01   2.114473e+00  -3.078842e+00  4.835281e-01
2   8.335039e-01   8.335039e-01  -3.336810e+00  5.001023e-01
3   2.114473e+00  -5.027122e-01  -3.078842e+00  4.835281e-01
4  -4.247259e-01   1.465677e+00  -2.204985e+00  3.122852e-01
5   5.214509e-01   5.214509e-01  -2.396826e+00  3.128705e-01
6   1.465677e+00  -4.247259e-01  -2.204985e+00  3.122852e-01
7   1.141539e-01   1.417963e+00  -1.532022e+00  4.596351e-01
8   7.479655e-01   7.479655e-01  -1.672269e+00  4.487793e-01
9   1.417963e+00   1.141539e-01  -1.532022e+00  4.596351e-01

Element No:     6
1   1.794899e-01   1.262486e+00  -1.271749e+00  4.325927e-01
2   7.307137e-01   7.307137e-01  -1.378745e+00  4.384282e-01
3   1.262486e+00   1.794899e-01  -1.271749e+00  4.325927e-01
4   2.150861e-01   1.004133e+00  -9.200529e-01  3.657659e-01
5   6.088581e-01   6.088581e-01  -1.000486e+00  3.653149e-01
6   1.004133e+00   2.150861e-01  -9.200529e-01  3.657659e-01
7   4.309745e-01   9.809910e-01  -6.471224e-01  4.235896e-01
8   6.976382e-01   6.976382e-01  -7.065845e-01  4.185829e-01
9   9.809910e-01   4.309745e-01  -6.471224e-01  4.235896e-01

Element No:     7
1   6.611610e+00  -4.270571e+00  -7.232276e+00  7.023116e-01
2   9.063896e+00  -6.570381e+00  -4.511660e+00  7.480546e-01
3   1.015733e+01  -7.812991e+00  -1.092808e+00  7.033002e-01
4   3.880005e+00  -3.522803e+00  -4.960805e+00  1.071609e-01
5   5.528735e+00  -5.182683e+00  -3.091778e+00  1.038156e-01
6   6.325719e+00  -5.969108e+00  -7.243625e-01  1.069835e-01
7   3.430122e+00  -1.440208e+00  -3.236959e+00  5.969739e-01
8   4.463645e+00  -2.593830e+00  -2.037720e+00  5.609445e-01
9   5.016308e+00  -3.025241e+00  -4.910448e-01  5.973201e-01

Element No:     8
1   2.819356e+00  -1.205272e+00  -2.672722e+00  4.842253e-01
2   3.724085e+00  -2.055431e+00  -1.668291e+00  5.005962e-01
3   4.127484e+00  -2.515321e+00  -4.064631e-01  4.836489e-01
4   1.957348e+00  -9.162919e-01  -1.921322e+00  3.123169e-01
5   2.597023e+00  -1.554747e+00  -1.198514e+00  3.126829e-01
6   2.902751e+00  -1.862255e+00  -2.837203e-01  3.121488e-01
7   1.766646e+00  -2.352579e-01  -1.330695e+00  4.594164e-01
8   2.195665e+00  -7.011663e-01  -8.364102e-01  4.483497e-01
9   2.418656e+00  -8.861964e-01  -2.015668e-01  4.597379e-01

Element No:     9
1   1.551514e+00  -1.094868e-01  -1.104905e+00  4.326080e-01
2   1.924870e+00  -4.631273e-01  -6.893774e-01  4.385229e-01
3   2.092829e+00  -6.511355e-01  -1.669284e-01  4.325080e-01
4   1.208864e+00   1.002539e-02  -8.016519e-01  3.656667e-01
5   1.475300e+00  -2.574685e-01  -5.002240e-01  3.653496e-01
6   1.603480e+00  -3.845460e-01  -1.183620e-01  3.656802e-01
7   1.128607e+00   2.829826e-01  -5.616496e-01  4.234769e-01
8   1.309527e+00   8.586203e-02  -3.532513e-01  4.186166e-01
9   1.403775e+00   7.972975e-03  -8.536718e-02  4.235245e-01
